00000111111011111011111101111101
11110110000000110011010000100001
00010000010001100011001101110101
01010101010101010101010101000010
00010000100010000000001001101010
10101010101010101010101010100000
00100001010001100101100100001111 
11000001001010011101101011001001
00010001111001111101101101101101
10110110110110110100000111110111
01110111011101110111011110000111
xxxx
00000000000000000000000000000000
01000000000000000000000000000010
11111111111111111111111111111111
00010000000000100000000000001000
10111111111111111111111111111101
11101111111111111111111111110111
00000000011111100000000000000000
11111111100000000111111111111111
