00000000000000000000000000000000
11110111110111111011111011111011
00000000000000000000000000000000
00000000011111100000000000000000
01000000000000000000110000000010
01000000000000000000000000000010
11111111111111111111111111111111
01000000000000000000000000000010
00010000000000100000000000001000
00010000000000100000000000001000
00000000011111100000000000000000
10101010101010101010101010101010
11111111111111111111111111111111
11111111111111111111111111111111
11111111111111111111111111111111
10111111111111111111111111111101
00000000000000000000000000000000
10111111111111111111111111111101
01010101010101010101010101010101
00000000000000000000000000000000
10111111111111111111111111111101
11101111111111111111111111110111
00010000000000100000000000001000
11101111111111111111111111110111
00000000111111110000000000000000
01000000000000000000000000000010
11101111111111111111111111110111
11111111100000000111111111111111
10111111111111111111100111111101
11111111000000000011111111111111
11111111100000000111111111111111
01101101101101101101101101101101
00000000000000000000000000000000
11101110111011101110111011101111
01000000000000000000000000000010
